( 8 , 1 )
( 1 , 2 )
( 1 , 2 )
( 5 , ( )
( 5 , ) )
( 5 , { )
( 8 , 1 )
( 1 , 3 )
( 4 , = )
( 2 , 5551 )
( 5 , ; )
( 8 , 4 )
( 1 , 5 )
( 4 , = )
( 3 , 152.55 )
( 5 , ; )
( 8 , 6 )
( 1 , 7 )
( 4 , = )
( 7 , 'c' )
( 5 , ; )
( 1 , 8 )
( 5 , ; )
( 1 , 9 )
( 0 , 10 )
( 5 , ( )
( 1 , 3 )
( 4 , < )
( 2 , 1 )
( 5 , ) )
( 5 , { )
( 5 , } )
( 0 , 11 )
( 5 , ( )
( 6 , "Es una string" )
( 5 , ) )
( 5 , ; )
( 1 , 12 )
( 4 , + )
( 1 , 13 )
( 5 , ; )
( 1 , 13 )
( 4 , + )
( 1 , 14 )
( 5 , ; )
( 1 , 15 )
( 5 , ; )
( 1 , 16 )
( 4 , + )
( 4 , = )
( 1 , 17 )
( 1 , 18 )
( 4 , - )
( 1 , 19 )
( 1 , 20 )
( 5 , ; )
( 7 , 'q' )
( 3 , 45632.5623 )
( 3 , .8561230 )
( 1 , 9 )
( 4 , + )
( 1 , 13 )
( 1 , 21 )
( 5 , } )
